 --------------------------------
 Information on open boundary nodes
 Total number of open boundary nodes:          244
 -------------------------------- bndo_info
           1      150300        8852           1           1          74
           3
      210114        8853       45010
  0.312510904188873       0.128007938479335       0.559481157331791     
          73          73          74
  3.279999999961092E-004  4.285600000000400E-002
 -------------------------------- bndo_info
           2      151307        8851           1           1          75
           3
       45010      206325      149053
  0.363566045809961       0.331281153819835       0.305152800370204     
          74          75          76
  5.949999999970146E-004  7.766100000000620E-002
 -------------------------------- bndo_info
           3      152315        8850           1           1          77
           2
      149053       32094
  0.493990305451670       0.506009694548330     
          76          78
  5.000000000023874E-004  6.533199999999795E-002
 -------------------------------- bndo_info
           4      153316        8849           1           1          79
           2
       32094      152606
  0.495060213186846       0.504939786813154     
          78          79
  4.609999999942715E-004  6.052599999999586E-002
 -------------------------------- bndo_info
           5      154313        8848           1           1          80
           2
      152606       56212
  0.511161131751106       0.488838868248894     
          79          81
  4.569999999972651E-004  5.999800000000022E-002
 -------------------------------- bndo_info
           6      155300        8847           1           1          82
           2
       56212      156951
  0.505913650119348       0.494086349880652     
          81          83
  4.580000000018458E-004  5.999800000000022E-002
 -------------------------------- bndo_info
           7      156286        8846           1           1          84
           2
      156951       29651
  0.499995446485802       0.500004553514198     
          83          85
  4.579999999947404E-004  5.999899999999769E-002
 -------------------------------- bndo_info
           8      157269        8845           1           1          86
           2
       29651      167448
  0.503293746100872       0.496706253899129     
          85          86
  4.580000000018458E-004  5.999899999999769E-002
 -------------------------------- bndo_info
           9      158208        8844           1           1          87
           2
      167448      171426
  0.497206143325329       0.502793856674671     
          86          87
  4.580000000018458E-004  5.999800000000022E-002
 -------------------------------- bndo_info
          10      159142        8843           1           1          88
           2
      171426       57504
  0.502931901136469       0.497068098863531     
          87          88
  4.580000000089512E-004  5.999800000000377E-002
 -------------------------------- bndo_info
          11      160072        8842           1           1          89
           2
       57504      179405
  0.500464602195597       0.499535397804403     
          88          89
  4.580000000018458E-004  5.999800000000022E-002
 -------------------------------- bndo_info
          12      160987        8841           1           1          89
           2
      179405       30804
  0.501695553763897       0.498304446236103     
          89          90
  4.569999999972651E-004  5.999700000000274E-002
 -------------------------------- bndo_info
          13      161862        8840           1           1          90
           2
       30804      156930
  0.496614329454311       0.503385670545689     
          90          91
  4.569999999972651E-004  5.999900000000125E-002
 -------------------------------- bndo_info
          14      162724        8839           1           1          91
           2
      156930       56167
  0.498235175559440       0.501764824440560     
          91          91
  4.579999999947404E-004  5.999999999999872E-002
 -------------------------------- bndo_info
          15      163581        8838           1           1          92
           2
       56167      157527
  0.503010038874865       0.496989961125135     
          91          92
  4.540000000048394E-004  5.999800000000022E-002
 -------------------------------- bndo_info
          16      164394        8837           1           1          92
           2
      157527      157526
  0.502901560194097       0.497098439805903     
          92          93
  4.539999999977340E-004  5.999699999999919E-002
 -------------------------------- bndo_info
          17      165177        8836           1           1          93
           2
      157526       27871
  0.500059948252320       0.499940051747680     
          93          93
  4.580000000018458E-004  5.999699999999919E-002
 -------------------------------- bndo_info
          18      165198        8835           1           1          94
           2
       27871      157537
  0.502155293284834       0.497844706715166     
          93          94
  4.580000000018458E-004  5.999999999999872E-002
 -------------------------------- bndo_info
          19      165943        8834           1           1          94
           2
      157537      157538
  0.499622806828588       0.500377193171412     
          94          95
  4.579999999947404E-004  6.000000000000227E-002
 -------------------------------- bndo_info
          20      166693        8833           1           1          95
           2
      157538       36082
  0.482505489350161       0.517494510649839     
          95          96
  4.579999999947404E-004  5.999699999999919E-002
 -------------------------------- bndo_info
          21      167471        8832           1           1          96
           2
       36082      216234
  0.546937426903791       0.453062573096209     
          96          96
  4.580000000018458E-004  5.999699999999919E-002
 -------------------------------- bndo_info
          22      168245        8831           1           1          97
           3
      216234      137951      187061
  0.309698752578438       0.349458980119978       0.340842267301585     
          96          97          97
  4.570000000043706E-004  5.999800000000022E-002
 -------------------------------- bndo_info
          23      169038        8830           1           1          98
           2
      187061       28019
  0.461844990823621       0.538155009176378     
          97          98
  4.570000000043706E-004  5.999999999999872E-002
 -------------------------------- bndo_info
          24      169042        8829           1           1          98
           2
       28019      157497
  0.513717340320013       0.486282659679986     
          98          99
  4.580000000089512E-004  5.999899999999769E-002
 -------------------------------- bndo_info
          25      169845        8828           1           1          99
           2
      157497      157498
  0.496047753590071       0.503952246409929     
          99          99
  4.579999999947404E-004  5.999700000000274E-002
 -------------------------------- bndo_info
          26      170650        8827           1           1         100
           2
      157498       66481
  0.482395872386531       0.517604127613469     
          99         100
  4.579999999947404E-004  5.999800000000377E-002
 -------------------------------- bndo_info
          27      170651        8826           1           1         100
           2
       66481      168882
  0.514360458263212       0.485639541736788     
         100         101
  4.580000000018458E-004  5.999799999999667E-002
 -------------------------------- bndo_info
          28      171466        8825           1           1         101
           2
      168882       28122
  0.508507118233653       0.491492881766348     
         101         101
  4.579999999947404E-004  5.999800000000022E-002
 -------------------------------- bndo_info
          29      172286        8824           1           1         101
           2
       28122      177002
  0.499129432918704       0.500870567081296     
         101         101
  4.580000000018458E-004  5.999900000000480E-002
 -------------------------------- bndo_info
          30      172287        8823           1           1         101
           2
      177002       56206
  0.506578437914424       0.493421562085576     
         101         101
  4.580000000089512E-004  5.999900000000125E-002
 -------------------------------- bndo_info
          31      173075        8822           1           1         101
           2
       56206      184839
  0.505811435596327       0.494188564403673     
         101         101
  4.569999999972651E-004  5.999799999999667E-002
 -------------------------------- bndo_info
          32      173076        8821           1           1         101
           2
      184839      188816
  0.495664465140375       0.504335534859625     
         101         101
  4.569999999972651E-004  5.999799999999667E-002
 -------------------------------- bndo_info
          33      173082        8820           1           1         101
           2
      188816       28217
  0.507812793478326       0.492187206521674     
         101         101
  4.580000000089512E-004  5.999699999999919E-002
 -------------------------------- bndo_info
          34      173083        8819           1           1         101
           2
       28217      197191
  0.510409774374942       0.489590225625058     
         101         101
  4.579999999947404E-004  5.999900000000125E-002
 -------------------------------- bndo_info
          35      173084        8818           1           1         101
           2
      197191      201031
  0.503835106542973       0.496164893457027     
         101         100
  4.579999999947404E-004  6.000000000000227E-002
 -------------------------------- bndo_info
          36      173839        8817           1           1         100
           2
      201031       36061
  0.480424528430555       0.519575471569445     
         100         100
  4.580000000089512E-004  5.999800000000022E-002
 -------------------------------- bndo_info
          37      174555        8816           1           1          99
           2
       36061      157516
  0.491206036503566       0.508793963496434     
         100          99
  4.580000000018458E-004  5.999699999999919E-002
 -------------------------------- bndo_info
          38      175257        8815           1           1          98
           2
      157516      157521
  0.480892105412163       0.519107894587836     
          99          98
  4.579999999947404E-004  5.999699999999919E-002
 -------------------------------- bndo_info
          39      175258        8814           1           1          97
           2
       28245      157521
  0.461931634560936       0.538068365439064     
          97          98
  4.569999999972651E-004  5.999999999999872E-002
 -------------------------------- bndo_info
          40      175256        8813           1           1          97
           2
      205969       28245
  0.480803354217815       0.519196645782184     
          96          97
  4.570000000043706E-004  5.999999999999872E-002
 -------------------------------- bndo_info
          41      175980        8812           1           1          96
           3
      205969      156943      212568
  0.313624766919198       0.343043194055554       0.343332039025249     
          96          95          95
  4.580000000018458E-004  5.999699999999919E-002
 -------------------------------- bndo_info
          42      175981        8811           1           1          95
           2
      212568       56182
  0.468350312519535       0.531649687480465     
          95          94
  4.580000000018458E-004  5.999700000000274E-002
 -------------------------------- bndo_info
          43      176003        8810           1           1          94
           2
       56182      166718
  0.499273853878172       0.500726146121828     
          94          94
  4.580000000018458E-004  5.999800000000022E-002
 -------------------------------- bndo_info
          44      176004        8809           1           1          93
           2
      166718       28143
  0.505255615934368       0.494744384065632     
          94          93
  4.580000000018458E-004  5.999999999999872E-002
 -------------------------------- bndo_info
          45      176685        8808           1           1          93
           2
       28143      156932
  0.499117266996803       0.500882733003197     
          93          92
  4.580000000018458E-004  5.999900000000480E-002
 -------------------------------- bndo_info
          46      176686        8807           1           1          92
           2
      156932       56179
  0.501529815179824       0.498470184820176     
          92          92
  4.579999999947404E-004  5.999700000000274E-002
 -------------------------------- bndo_info
          47      176687        8806           1           1          91
           2
       56179      156944
  0.500444875826104       0.499555124173896     
          92          91
  4.579999999947404E-004  5.999799999999667E-002
 -------------------------------- bndo_info
          48      176885        8805           1           1          91
           2
      156944      156945
  0.500276018681974       0.499723981318026     
          91          90
  4.569999999972651E-004  5.999800000000022E-002
 -------------------------------- bndo_info
          49      176886        8804           1           1          90
           2
      156945       27965
  0.499282935918790       0.500717064081210     
          90          90
  4.569999999972651E-004  5.999800000000022E-002
 -------------------------------- bndo_info
          50      176887        8803           1           1          90
           2
       27965      156948
  0.502903914602449       0.497096085397551     
          90          90
  4.580000000018458E-004  5.999899999999769E-002
 -------------------------------- bndo_info
          51      176888        8802           1           1          89
           2
      156948      156949
  0.501757390324012       0.498242609675988     
          90          89
  4.580000000089512E-004  5.999899999999769E-002
 -------------------------------- bndo_info
          52      177558        8801           1           1          89
           2
      156949       36077
  0.497230194454189       0.502769805545811     
          89          89
  4.579999999947404E-004  5.999800000000377E-002
 -------------------------------- bndo_info
          53      177559        8800           1           1          89
           2
       36077      190741
  0.506681282808374       0.493318717191626     
          89          89
  4.579999999947404E-004  5.999800000000377E-002
 -------------------------------- bndo_info
          54      177560        8799           1           1          89
           2
      190741      175271
  0.499379435835773       0.500620564164227     
          89          89
  4.580000000089512E-004  5.999699999999564E-002
 -------------------------------- bndo_info
          55      178214        8798           1           1          89
           2
      175271       27738
  0.505991491553006       0.494008508446994     
          89          89
  4.580000000018458E-004  5.999899999999769E-002
 -------------------------------- bndo_info
          56      178215        8797           1           1          89
           2
       27738      202058
  0.500234229426783       0.499765770573217     
          89          89
  4.569999999972651E-004  5.999999999999872E-002
 -------------------------------- bndo_info
          57      178652        8796           1           1          89
           2
      202058      182810
  0.496212341941867       0.503787658058133     
          89          89
  4.570000000043706E-004  5.999800000000022E-002
 -------------------------------- bndo_info
          58      178653        8795           1           1          89
           2
      182810       36079
  0.490756653464077       0.509243346535924     
          89          89
  4.580000000018458E-004  5.999699999999919E-002
 -------------------------------- bndo_info
          59      178654        8794           1           1          88
           2
       36079      157529
  0.504927699315371       0.495072300684629     
          89          88
  4.579999999947404E-004  5.999700000000274E-002
 -------------------------------- bndo_info
          60      178655        8793           1           1          88
           2
      157529      157531
  0.502018517139565       0.497981482860435     
          88          88
  4.580000000018458E-004  6.000000000000227E-002
 -------------------------------- bndo_info
          61      179361        8792           1           1          88
           2
      157531       27931
  0.481449100816975       0.518550899183025     
          88          88
  4.579999999947404E-004  5.999999999999872E-002
 -------------------------------- bndo_info
          62      179363        8791           1           1          88
           3
       27931      147203      212511
  0.310175502385913       0.367019923282766       0.322804574331321     
          88          87          87
  4.579999999947404E-004  5.999700000000274E-002
 -------------------------------- bndo_info
          63      179365        8790           1           1          87
           2
      147203      194094
  0.543017499628177       0.456982500371823     
          87          87
  4.539999999977340E-004  5.999700000000274E-002
 -------------------------------- bndo_info
          64      179364        8789           1           1          87
           2
       56186      194094
  0.516481029256350       0.483518970743650     
          87          87
  4.540000000048394E-004  5.999800000000022E-002
 -------------------------------- bndo_info
          65      179358        8788           1           1          87
           2
      166714       56186
  0.496269346228963       0.503730653771037     
          87          87
  4.580000000089512E-004  5.999999999999872E-002
 -------------------------------- bndo_info
          66      178657        8787           1           1          87
           2
       29131      166714
  0.498406261201459       0.501593738798541     
          87          87
  4.569999999901597E-004  5.999899999999769E-002
 -------------------------------- bndo_info
          67      178656        8786           1           1          87
           2
      156959       29131
  0.503112845329657       0.496887154670343     
          87          87
  4.570000000043706E-004  5.999699999999564E-002
 -------------------------------- bndo_info
          68      178203        8785           1           1          87
           2
       56209      156959
  0.513326015255747       0.486673984744253     
          86          87
  4.580000000089512E-004  5.999800000000022E-002
 -------------------------------- bndo_info
          69      178202        8784           1           1          86
           2
      182880       56209
  0.476992231623214       0.523007768376786     
          86          86
  4.579999999947404E-004  5.999800000000377E-002
 -------------------------------- bndo_info
          70      177554        8783           1           1          86
           2
      186860      182880
  0.472751687256653       0.527248312743347     
          86          86
  4.579999999947404E-004  5.999800000000022E-002
 -------------------------------- bndo_info
          71      177547        8782           1           1          86
           2
       30305      186860
  0.535776271345491       0.464223728654509     
          86          86
  4.580000000089512E-004  5.999899999999769E-002
 -------------------------------- bndo_info
          72      177548        8781           1           1          86
           2
      213469       30305
  0.444837014842135       0.555162985157865     
          86          86
  4.580000000018458E-004  5.999900000000125E-002
 -------------------------------- bndo_info
          73      176880        8780           1           1          86
           2
      211533      213469
  0.525040189956869       0.474959810043131     
          86          86
  4.579999999947404E-004  5.999800000000022E-002
 -------------------------------- bndo_info
          74      176879        8779           1           1          86
           2
       36465      211533
  0.505924254352483       0.494075745647517     
          87          86
  4.570000000043706E-004  5.999799999999667E-002
 -------------------------------- bndo_info
          75      176878        8778           1           1          87
           2
      186214       36465
  0.523814780777749       0.476185219222251     
          87          87
  4.569999999901597E-004  5.999700000000274E-002
 -------------------------------- bndo_info
          76      176201        8777           1           1          87
           2
      203602      186214
  0.459918818086855       0.540081181913145     
          87          87
  4.579999999947404E-004  5.999900000000480E-002
 -------------------------------- bndo_info
          77      176202        8776           1           1          87
           2
      203602       28806
  0.442821690459004       0.557178309540996     
          87          88
  4.580000000018458E-004  5.999999999999872E-002
 -------------------------------- bndo_info
          78      176203        8775           1           1          88
           2
      168181       28806
  0.486103903161385       0.513896096838615     
          88          88
  4.580000000018458E-004  5.999799999999667E-002
 -------------------------------- bndo_info
          79      175491        8774           1           1          88
           2
       57842      168181
  0.499882100302710       0.500117899697290     
          89          88
  4.580000000018458E-004  5.999700000000274E-002
 -------------------------------- bndo_info
          80      175344        8773           1           1          89
           2
      156957       57842
  0.492666413748184       0.507333586251816     
          89          89
  4.580000000018458E-004  5.999700000000274E-002
 -------------------------------- bndo_info
          81      174615        8772           1           1          89
           2
       29482      156957
  0.503285797602879       0.496714202397121     
          90          89
  4.579999999947404E-004  5.999999999999872E-002
 -------------------------------- bndo_info
          82      173905        8771           1           1          90
           2
      156958       29482
  0.504304004317994       0.495695995682006     
          90          90
  4.579999999947404E-004  5.999999999999872E-002
 -------------------------------- bndo_info
          83      173151        8770           1           1          91
           2
       56213      156958
  0.499993781349287       0.500006218650713     
          91          90
  4.570000000043706E-004  5.999699999999919E-002
 -------------------------------- bndo_info
          84      173150        8769           1           1          91
           2
      186185       56213
  0.489819643265201       0.510180356734799     
          91          91
  4.569999999972651E-004  5.999699999999919E-002
 -------------------------------- bndo_info
          85      172351        8768           1           1          92
           2
       30281      186185
  0.506098728230838       0.493901271769162     
          92          91
  4.580000000089512E-004  5.999800000000022E-002
 -------------------------------- bndo_info
          86      171531        8767           1           1          92
           2
      220407       30281
  0.454013970492849       0.545986029507151     
          92          92
  4.580000000089512E-004  6.000000000000227E-002
 -------------------------------- bndo_info
          87      170712        8766           1           1          92
           2
       56216      220407
  0.551782604408397       0.448217395591603     
          92          92
  4.579999999947404E-004  5.999900000000125E-002
 -------------------------------- bndo_info
          88      169905        8765           1           1          92
           2
      173564       56216
  0.487398140484486       0.512601859515514     
          92          92
  4.579999999947404E-004  5.999699999999919E-002
 -------------------------------- bndo_info
          89      169100        8764           1           1          92
           2
       30941      173564
  0.501330324330914       0.498669675669086     
          92          92
  4.580000000018458E-004  5.999799999999667E-002
 -------------------------------- bndo_info
          90      168302        8763           1           1          92
           2
      168985       30941
  0.520548900010888       0.479451099989112     
          92          92
  4.579999999947404E-004  5.999799999999667E-002
 -------------------------------- bndo_info
          91      168301        8762           1           1          92
           2
      174978      168985
  0.490814794370723       0.509185205629277     
          91          92
  4.569999999901597E-004  5.999800000000022E-002
 -------------------------------- bndo_info
          92      167524        8761           1           1          91
           2
       33904      174978
  0.491011404205516       0.508988595794484     
          91          91
  4.570000000114760E-004  5.999900000000480E-002
 -------------------------------- bndo_info
          93      166741        8760           1           1          91
           2
      186258       33904
  0.470716148816397       0.529283851183603     
          91          91
  4.580000000018458E-004  5.999900000000125E-002
 -------------------------------- bndo_info
          94      166041        8759           1           1          91
           2
       59263      186258
  0.534910961217396       0.465089038782604     
          90          91
  4.579999999947404E-004  5.999799999999667E-002
 -------------------------------- bndo_info
          95      166040        8758           1           1          90
           2
      156961       59263
  0.499016003405353       0.500983996594647     
          89          90
  4.580000000018458E-004  5.999800000000377E-002
 -------------------------------- bndo_info
          96      165301        8757           1           1          89
           2
       91594      156961
  0.518162595368142       0.481837404631859     
          89          89
  4.579999999947404E-004  5.999700000000274E-002
 -------------------------------- bndo_info
          97      164533        8756           1           1          88
           2
      189863       91594
  0.462638373460020       0.537361626539980     
          88          89
  4.580000000018458E-004  5.999899999999769E-002
 -------------------------------- bndo_info
          98      163732        8755           1           1          87
           3
      199099      128437      189863
  0.334074273109442       0.350726512214997       0.315199214675562     
          85          87          88
  4.580000000089512E-004  5.999999999999872E-002
 -------------------------------- bndo_info
          99      162881        8754           1           1          85
           2
       50344      199099
  0.507029103669205       0.492970896330795     
          83          85
  4.580000000018458E-004  5.999800000000022E-002
 -------------------------------- bndo_info
         100      162012        8753           1           1          82
           2
      144656       50344
  0.507999704913948       0.492000295086052     
          81          83
  4.569999999972651E-004  5.999699999999919E-002
 -------------------------------- bndo_info
         101      161135        8752           1           1          80
           2
      171046      144656
  0.496729698605542       0.503270301394458     
          79          81
  4.570000000043706E-004  5.999699999999564E-002
 -------------------------------- bndo_info
         102      160213        8751           1           1          77
           3
      209427      123152      171046
  0.304847949294299       0.337397366277246       0.357754684428455     
          75          76          79
  4.579999999947404E-004  6.000000000000227E-002
 -------------------------------- bndo_info
         103      159286        8750           1           1          75
           2
       54270      209427
  0.526637342481567       0.473362657518433     
          74          75
  4.579999999947404E-004  6.000000000000227E-002
 -------------------------------- bndo_info
         104      158349        8749           1           1          73
           2
      156927       54270
  0.498821357787694       0.501178642212306     
          73          74
  4.580000000018458E-004  5.999699999999919E-002
 -------------------------------- bndo_info
         105      157414        8748           1           1          72
           2
       35244      156927
  0.500009400387701       0.499990599612299     
          72          73
  4.579999999947404E-004  5.999699999999564E-002
 -------------------------------- bndo_info
         106      156438        8747           1           1          72
           2
      170615       35244
  0.501786802187064       0.498213197812936     
          72          72
  4.580000000018458E-004  5.999799999999667E-002
 -------------------------------- bndo_info
         107      155463        8746           1           1          71
           2
      157507      170615
  0.520878660641268       0.479121339358732     
          71          72
  4.580000000089512E-004  5.999800000000022E-002
 -------------------------------- bndo_info
         108      154490        8745           1           1          71
           2
       38466      157507
  0.472810565908364       0.527189434091636     
          71          71
  4.569999999972651E-004  5.999899999999769E-002
 -------------------------------- bndo_info
         109      153500        8744           1           1          71
           2
      149516       38466
  0.516542085010919       0.483457914989081     
          70          71
  4.569999999901597E-004  5.999900000000125E-002
 -------------------------------- bndo_info
         110      152503        8743           1           1          70
           2
       67949      149516
  0.499498664973454       0.500501335026546     
          68          70
  4.580000000089512E-004  5.999800000000377E-002
 -------------------------------- bndo_info
         111      151501        8742           1           1          67
           2
      149436       67949
  0.494802910013199       0.505197089986801     
          66          68
  4.580000000018458E-004  6.009099999999989E-002
 -------------------------------- bndo_info
         112      150509        8741           1           1          64
           2
       79796      149436
  0.472134147975610       0.527865852024390     
          62          66
  4.810000000006198E-004  6.321300000000463E-002
 -------------------------------- bndo_info
         113      149578        8740           1           1          60
           2
      177204       79796
  0.561308581989925       0.438691418010075     
          58          62
  5.530000000035784E-004  7.287600000000438E-002
 -------------------------------- bndo_info
         114      148726        8739           1           1          56
           4
        8738      107043      200938      177204
  0.143336088404564       0.260358819596694       0.259883129884167     
  0.336421962114575     
          51          52          55          58
  3.009999999932234E-004  3.975499999999599E-002
 -------------------------------- bndo_info
         115      207752        7485           2           2          27
           3
      154767        7486       27804
  0.396618776578321       0.200694919331347       0.402686304090331     
          27          26          27
 -2.018000000006737E-003 -2.263999999996713E-003
 -------------------------------- bndo_info
         116      208102        7484           2           2          27
           4
       27804        7483      145630       73133
  0.298577861216205       0.139644848381866       0.277370606139355     
  0.284406684262573     
          27          27          28          27
 -2.018000000006737E-003 -2.263999999996713E-003
 -------------------------------- bndo_info
         117      209466        7418           3           2          19
           3
       90491       27811        7419
  0.379361801617803       0.408596744765486       0.212041453616712     
          18          20          20
 -1.290000000004454E-003  2.710000000000434E-003
 -------------------------------- bndo_info
         118      209112        7417           3           2          17
           3
        7416      155955       90491
  0.200316318460954       0.407342205418574       0.392341476120472     
          16          17          18
 -1.290000000004454E-003  2.710000000000434E-003
 -------------------------------- bndo_info
         119      212879        7172           4           2          20
           3
       56243      155207        7173
  0.406864962583508       0.396315051839360       0.196819985577132     
          20          20          20
 -2.861000000002889E-003  9.030000000045391E-004
 -------------------------------- bndo_info
         120      212881        7171           4           2          20
           3
       56243        7170      169918
  0.400353189986372       0.199815915854101       0.399830894159527     
          20          20          20
 -2.861000000002889E-003  9.030000000045391E-004
 -------------------------------- bndo_info
         121      215692        7045           5           2          13
           5
      207182        7046       46871       29499       27610
  0.163170981151816       8.167340854729616E-002  0.200895751861078     
  0.275542947314775       0.278716911125035     
          11          11          12          13          14
 -1.292999999989775E-003 -2.423000000000286E-003
 -------------------------------- bndo_info
         122      215693        7044           5           2          14
           3
       27610      113548        7043
  0.376143723667534       0.408425671712395       0.215430604620071     
          14          15          15
 -1.292999999989775E-003 -2.423000000000286E-003
 -------------------------------- bndo_info
         123      221345        6879           6           2          22
           3
      192644       27868        6880
  0.352535497781295       0.418754453007903       0.228710049210802     
          22          22          22
  1.450000000005502E-003  2.623999999997295E-003
 -------------------------------- bndo_info
         124      221303        6878           6           2          22
           3
      157587      192644        6877
  0.416969370505593       0.354570716611927       0.228459912882480     
          21          22          21
  1.450000000005502E-003  2.623999999997295E-003
 -------------------------------- bndo_info
         125      219117        6814           7           2          21
           4
       42373        6815      121154      220032
  0.321114502053079       0.163474275076135       0.286292119815659     
  0.229119103055127     
          20          20          21          21
 -1.269999999991001E-003 -2.541000000000793E-003
 -------------------------------- bndo_info
         126      219391        6813           7           2          21
           3
      220032       29581        6812
  0.342453429680730       0.414346841568111       0.243199728751159     
          21          21          21
 -1.269999999991001E-003 -2.541000000000793E-003
 -------------------------------- bndo_info
         127      217108       52804           8           2          27
           5
          61       24460      206845      219117      202607
  0.116412329706307       0.219262681216405       0.253208415503701     
  0.195208122687320       0.215908450886267     
          27          27          27          27          27
 -2.307999999999311E-003 -1.825000000003740E-003
 -------------------------------- bndo_info
         128      216841      175996           8           2          27
           3
        6655       98974      206845
  0.207170864335083       0.399915796442496       0.392913339222421     
          27          27          27
 -2.307999999999311E-003 -1.825000000003740E-003
 -------------------------------- bndo_info
         129       79478        4676           9           2          16
           4
      185513        4677      177636       32897
  0.256418606536818       0.109594716669682       0.312234668185754     
  0.321752008607746     
          15          14          16          17
  3.549999999918896E-004 -4.325999999991836E-003
 -------------------------------- bndo_info
         130       80090        4675           9           2          17
           3
       32897      142115        4674
  0.370467855880001       0.413779563499130       0.215752580620868     
          17          18          17
  3.549999999918896E-004 -4.325999999991836E-003
 -------------------------------- bndo_info
         131      201148        5785          10           2          59
           3
      157461      157460        5786
  0.391680522315720       0.401550009299710       0.206769468384570     
          59          59          59
 -1.434000000003266E-003 -2.635999999995420E-003
 -------------------------------- bndo_info
         132      201146        5784          10           2          59
           3
        5783       40250      157461
  0.203976505134855       0.398362212337693       0.397661282527452     
          59          59          59
 -1.434000000003266E-003 -2.635999999995420E-003
 -------------------------------- bndo_info
         133       81317       42385          11           2          36
           4
        4333      151393      172243      182949
  0.142734188909619       0.285609274598473       0.283361888574268     
  0.288294647917641     
          36          36          35          35
 -3.969999999995366E-004 -2.905000000001934E-003
 -------------------------------- bndo_info
         134       81918      121543          11           2          35
           4
      182949        4332      150517       81935
  0.340055792880170       0.242394709672905       0.100753413960860     
  0.316796083486065     
          35          35          35          35
 -3.969999999995366E-004 -2.905000000001934E-003
 -------------------------------- bndo_info
         135       96002        4274          12           2          26
           2
      102535        4275
  0.661739662990754       0.338260337009246     
          26          26
  3.470000000049822E-004 -3.046000000004767E-003
 -------------------------------- bndo_info
         136       96001      164806          12           2          26
           2
      102535      206459
  0.697036919086514       0.302963080913486     
          26          26
  3.470000000049822E-004 -3.046000000004767E-003
 -------------------------------- bndo_info
         137       80733        4196          13           2          26
           3
        4194      203118        4197
  0.395302249449398       0.407526541508428       0.197171209042174     
          26          26          26
 -1.094000000001927E-003  1.705000000001178E-003
 -------------------------------- bndo_info
         138       80117        4195          13           2          26
           1
        4194
   1.00000000000000     
          26
 -1.094000000001927E-003  1.705000000001178E-003
 -------------------------------- bndo_info
         139      101616      105697          14           2          28
           1
      194304
   1.00000000000000     
          28
  2.288999999997543E-003 -2.024000000002246E-003
 -------------------------------- bndo_info
         140      102336      125865          14           2          28
           6
      194304       72008      192585      171675       88928      125866
  0.135574424570589       0.169084862317497       9.723202518907462E-002
  0.195336366573828       0.201281266710516       0.201491054638496     
          28          28          28          28          28          29
  2.288999999997543E-003 -2.024000000002246E-003
 -------------------------------- bndo_info
         141          66      110380          15           2          13
           5
      155576      191251      173628      169940       43124
  0.251245683491212       0.206182084245068       9.241689655795890E-002
  0.244831607166293       0.205323728539469     
          14          14          13          14          13
 -2.670999999999424E-003 -3.379999999975070E-004
 -------------------------------- bndo_info
         142          68        2966          15           2          13
           2
       43124        2965
  0.656256407508718       0.343743592491282     
          13          13
 -2.670999999999424E-003 -3.379999999975070E-004
 -------------------------------- bndo_info
         143        4061        2427          16           2          34
           3
      152961      104052        2428
  0.396006370001563       0.400937689331171       0.203055940667266     
          34          34          34
  0.000000000000000E+000 -2.998999999999086E-003
 -------------------------------- bndo_info
         144        4060        2426          16           2          34
           3
        2425       38723      152961
  0.196861309008595       0.397621326251621       0.405517364739784     
          34          34          34
  0.000000000000000E+000 -2.998999999999086E-003
 -------------------------------- bndo_info
         145       18365        2320          17           2          39
           2
      144800        2321
  0.639723632778097       0.360276367221903     
          39          39
 -1.278000000006330E-003 -1.482000000002870E-003
 -------------------------------- bndo_info
         146       18366        2319          17           2          39
           2
      144800        2318
  0.622522102382650       0.377477897617350     
          39          39
 -1.278000000006330E-003 -1.482000000002870E-003
 -------------------------------- bndo_info
         147       29540        2008          18           2          19
           2
      143616      210502
  0.678080494850350       0.321919505149650     
          19          19
  4.999999999952820E-004 -2.624000000000848E-003
 -------------------------------- bndo_info
         148       29539        2007          18           2          19
           3
        2006      168845      143616
  0.187821514363341       0.400289552785417       0.411888932851242     
          19          19          19
  4.999999999952820E-004 -2.624000000000848E-003
 -------------------------------- bndo_info
         149       43274        1403          19           2          20
           4
      219357      121614       59635        1404
  0.258935029309986       0.291866922821625       0.303999010399753     
  0.145199037468636     
          20          20          20          21
  5.840000000034706E-004  2.943000000001916E-003
 -------------------------------- bndo_info
         150       42373        1402          19           2          20
           3
       71472      219357        1401
  0.404129555591911       0.353088305438711       0.242782138969378     
          19          20          19
  5.840000000034706E-004  2.943000000001916E-003
 -------------------------------- bndo_info
         151       24283       61043          20           2          10
           3
         917      205634         916
  0.409051399873783       0.388985165318747       0.201963434807470     
          10          10          10
  2.144000000001256E-003  8.019999999966387E-004
 -------------------------------- bndo_info
         152       25211      198968          20           2          10
           5
      205634      141330      109574      193761      135317
  0.200198200688294       0.258278415684269       0.254179357360224     
  0.197767870551519       8.957615571569480E-002
          10          11          11          11          10
  2.144000000001256E-003  8.019999999966387E-004
 -------------------------------- bndo_info
         153       28020      106118          21           2           9
           4
         887      198705      203667      210494
  0.142675958430261       0.260164086517973       0.323160893060796     
  0.273999061990970     
           8           8           9           9
 -1.360999999995727E-003 -2.674000000002508E-003
 -------------------------------- bndo_info
         154       28019         886          21           2           8
           2
         885      203667
  0.335019218242570       0.664980781757430     
           9           9
 -1.360999999995727E-003 -2.674000000002508E-003
 -------------------------------- bndo_info
         155       32644         850          22           2          12
           3
      137854         851       55474
  0.398456334612207       0.200920103752286       0.400623561635507     
          12          12          12
  1.029999999957454E-004 -2.976999999999563E-003
 -------------------------------- bndo_info
         156       32645         849          22           2          12
           6
      214123      117007         848       76674       55474       76673
  0.174082280759146       0.169694853779279       8.765968492565809E-002
  0.178020604920595       0.195749284849388       0.194793290765935     
          12          12          12          12          12          12
  1.029999999957454E-004 -2.976999999999563E-003
 -------------------------------- bndo_info
         157       18098         807          23           2           6
           3
       80128         808      209920
  0.421696462467906       0.231933585393879       0.346369952138215     
           6           6           6
 -9.999999999976694E-004 -2.829000000000192E-003
 -------------------------------- bndo_info
         158       18102         806          23           2           6
           3
      209920      139179         805
  0.348443942664375       0.419845871117662       0.231710186217963     
           6           6           6
 -9.999999999976694E-004 -2.829000000000192E-003
 -------------------------------- bndo_info
         159       19235         787          24           2           8
           2
       69352      100936
  0.671356555228387       0.328643444771613     
           8           8
  8.850000000037994E-004 -2.597999999998990E-003
 -------------------------------- bndo_info
         160       19774         786          24           2           8
           4
       69352         785      175557       70162
  0.274650822779083       0.140949896814616       0.290693633960887     
  0.293705646445414     
           8           8           8           8
  8.850000000037994E-004 -2.597999999998990E-003
 -------------------------------- bndo_info
         161       13584         750          25           2          20
           4
      120455       46885         751       46886
  0.315110245474566       0.266643789471890       0.123210804764174     
  0.295035160289370     
          19          20          20          19
 -1.182999999997492E-003 -2.755999999999759E-003
 -------------------------------- bndo_info
         162       13564         749          25           2          19
           3
      120455      183678         748
  0.389449944898097       0.401855103505643       0.208694951596261     
          19          19          19
 -1.182999999997492E-003 -2.755999999999759E-003
 -------------------------------- bndo_info
         163       28964         664          26           2          21
           5
      174249       98350         665      122221       62417
  0.214597686852200       0.254985802217250       0.132572123767379     
  0.189903587956831       0.207940799206340     
          21          21          21          21          21
  2.669999999994843E-003 -1.236999999999711E-003
 -------------------------------- bndo_info
         164       28968         663          26           2          21
           3
       62417      163348         662
  0.408475856828640       0.399813376283004       0.191710766888356     
          21          20          20
  2.669999999994843E-003 -1.236999999999711E-003
 -------------------------------- bndo_info
         165       32741         637          27           2          11
           1
         638
   1.00000000000000     
          11
  9.310000000013474E-004  2.532000000000423E-003
 -------------------------------- bndo_info
         166       33647      173673          27           2          11
           4
         638      106848         636      183970
  0.295013350152380       0.272044233167478       0.150139877607418     
  0.282802539072724     
          11          11          11          11
  9.310000000013474E-004  2.532000000000423E-003
 -------------------------------- bndo_info
         167       23673         447          28           2          15
           3
       97223       26932         448
  0.386097691968863       0.406078495504848       0.207823812526289     
          15          15          15
  2.560000000002560E-004 -2.746000000000137E-003
 -------------------------------- bndo_info
         168       23670         446          28           2          15
           4
         445         444      193552       97223
  0.150517138982258       0.290594566907350       0.276804556241175     
  0.282083737869217     
          15          15          15          15
  2.560000000002560E-004 -2.746000000000137E-003
 -------------------------------- bndo_info
         169       29024         568          29           2          12
           3
       28032      157447         569
  0.397322471079637       0.401655723973211       0.201021804947152     
          12          12          12
  6.559999999993238E-004 -2.927000000001456E-003
 -------------------------------- bndo_info
         170       29023         567          29           2          12
           3
         566      156781       28032
  0.213421575103408       0.405398877413243       0.381179547483349     
          12          12          12
  6.559999999993238E-004 -2.927000000001456E-003
 -------------------------------- bndo_info
         171       28999         588          30           2          12
           3
       86530         589       37989
  0.377270476498182       0.194314427158821       0.428415096342997     
          12          11          12
  2.654999999997187E-003 -1.395999999999731E-003
 -------------------------------- bndo_info
         172       29925         587          30           2          12
           4
       37989      213378      117569         586
  0.243046910483032       0.273929332439344       0.319739064732677     
  0.163284692344948     
          12          12          12          12
  2.654999999997187E-003 -1.395999999999731E-003
 -------------------------------- bndo_info
         173       28112         550          31           2          13
           3
       32868      138081         551
  0.405768056092190       0.396252762881064       0.197979181026746     
          13          13          13
  8.049999999926172E-004 -2.881999999999607E-003
 -------------------------------- bndo_info
         174       28113         549          31           2          13
           3
         548      176788       32868
  0.211245654064746       0.401346681398688       0.387407664536566     
          13          13          13
  8.049999999926172E-004 -2.881999999999607E-003
 -------------------------------- bndo_info
         175       26442         498          32           2          15
           3
      121659         499       37011
  0.398819817105191       0.172243915136281       0.428936267758528     
          15          15          15
  1.826999999998691E-003 -2.379000000001241E-003
 -------------------------------- bndo_info
         176       26441         497          32           2          15
           3
         496      129268       37011
  0.187887859163196       0.397293992058278       0.414818148778527     
          15          15          15
  1.826999999998691E-003 -2.379000000001241E-003
 -------------------------------- bndo_info
         177        8526       14519          33           2           4
           3
      152862      141869       14520
  0.391919853687909       0.403390063977134       0.204690082334957     
           4           4           4
  2.322999999996966E-003 -1.899000000001649E-003
 -------------------------------- bndo_info
         178        8525       14518          33           2           4
           3
       14517       31424      152862
  0.193426121502328       0.392888244626852       0.413685633870819     
           4           4           4
  2.322999999996966E-003 -1.899000000001649E-003
 -------------------------------- bndo_info
         179       10342       41818          34           2           6
           5
      200710       24017       24018      110626      110625
  0.205728726556326       8.975892787926686E-002  0.220073621789078     
  0.227998852168290       0.256439871607040     
           6           5           5           6           6
  9.960000000006630E-004 -2.446999999998312E-003
 -------------------------------- bndo_info
         180       10071      136935          34           2           5
           4
       24016       64509      131868      200710
  0.127522171263448       0.287752597949840       0.311303149850869     
  0.273422080935842     
           5           5           5           6
  9.960000000006630E-004 -2.446999999998312E-003
 -------------------------------- bndo_info
         181       11388       14139          35           2           5
           5
       52414       14140       62405       32145      214438
  0.246784059849586       0.126835093117239       0.214228804296131     
  0.224802868010041       0.187349174727002     
           5           5           4           4           4
  2.997999999998058E-003 -2.399999999980196E-005
 -------------------------------- bndo_info
         182       11387       14138          35           2           4
           5
       14137      206908      217395       60329       32145
  0.100328362722302       0.182390146529402       0.188866516941108     
  0.247671268488034       0.280743705319154     
           5           5           4           4           4
  2.997999999998058E-003 -2.399999999980196E-005
 -------------------------------- bndo_info
         183       20422       14048          36           2          12
           3
      211122       14049      177398
  0.373508385926608       0.180208690274574       0.446282923798818     
          12          12          12
 -3.000000000241698E-005  2.781000000000589E-003
 -------------------------------- bndo_info
         184       21118       14047          36           2          13
           4
      177398       58703       14046       31589
  0.277094292312398       0.291321608787199       0.144902126233373     
  0.286681972667031     
          12          13          13          13
 -3.000000000241698E-005  2.781000000000589E-003
 -------------------------------- bndo_info
         185       25625       14027          37           2          15
           4
      145814       14028      169369       27466
  0.306189653013125       0.150228458530107       0.291170792443957     
  0.252411096012811     
          14          14          15          15
  1.818999999997573E-003  1.748999999998446E-003
 -------------------------------- bndo_info
         186       26614       14026          37           2          15
           4
       27466       14025      143900       27548
  0.252761345646763       0.156186422770543       0.303947205086958     
  0.287105026495735     
          15          15          15          15
  1.818999999997573E-003  1.748999999998446E-003
 -------------------------------- bndo_info
         187       22766       13989          38           2          12
           3
      137796      172887       13990
  0.429263772919502       0.389797689933526       0.180938537146972     
          12          11          11
  1.948999999989098E-003  2.679000000000542E-003
 -------------------------------- bndo_info
         188       23679       13988          38           2          12
           3
      137796       13987       31855
  0.398409618708670       0.198554488910315       0.403035892381015     
          12          12          12
  1.948999999989098E-003  2.679000000000542E-003
 -------------------------------- bndo_info
         189       26622       13969          39           2          13
           3
      157108       13970       56234
  0.402186099495921       0.201597203505829       0.396216696998250     
          13          13          14
  1.766000000003487E-003  2.425000000000566E-003
 -------------------------------- bndo_info
         190       27586       13968          39           2          14
           3
       56234       13967      179544
  0.396203659650099       0.203261259632096       0.400535080717804     
          14          14          14
  1.766000000003487E-003  2.425000000000566E-003
 -------------------------------- bndo_info
         191       29355       13939          40           2          16
           3
      203251       13940      136958
  0.380004467301616       0.187343772982262       0.432651759716122     
          16          16          16
 -7.129999999975212E-004  2.912999999999499E-003
 -------------------------------- bndo_info
         192       30301       13938          40           2          16
           3
      136958       32998       13937
  0.387586638991529       0.404905017878198       0.207508343130273     
          16          16          16
 -7.129999999975212E-004  2.912999999999499E-003
 -------------------------------- bndo_info
         193       33199       13922          41           2          18
           4
      153733       13923      220814       43922
  0.316195063174198       0.163933987207941       0.271160873629645     
  0.248710075988216     
          18          18          18          18
  1.407999999997855E-003  2.649000000001678E-003
 -------------------------------- bndo_info
         194       34074       13921          41           2          17
           4
       43922       43923      212370       13920
  0.331209828054043       0.279084913307969       0.260866913180199     
  0.128838345457788     
          18          18          17          17
  1.407999999997855E-003  2.649000000001678E-003
 -------------------------------- bndo_info
         195       28282       13883          42           2          12
           3
       13881      194571       13884
  0.369315263720052       0.414104525844259       0.216580210435689     
          12          12          12
 -1.517999999997244E-003 -2.344000000000790E-003
 -------------------------------- bndo_info
         196       27359       13882          42           2          12
           1
       13881
   1.00000000000000     
          12
 -1.517999999997244E-003 -2.344000000000790E-003
 -------------------------------- bndo_info
         197       31152       13886          43           2          12
           4
       70213      201033       13887      110621
  0.314633797062174       0.260422095907945       0.132500690996130     
  0.292443416033751     
          12          12          12          12
 -1.900000000006230E-003 -1.595000000000013E-003
 -------------------------------- bndo_info
         198       30170       13885          43           2          12
           4
       13884      175710      207777       70213
  0.171442280546263       0.301092775284141       0.261287436526226     
  0.266177507643370     
          12          12          12          12
 -1.900000000006230E-003 -1.595000000000013E-003
 -------------------------------- bndo_info
         199       37453       13865          44           2          12
           4
      220663       13866       73498       26829
  0.198113059490703       8.457099413490368E-002  0.318380613086541     
  0.398935333287853     
          12          12          12          12
  2.944999999996867E-003 -1.671999999997453E-003
 -------------------------------- bndo_info
         200       37454       13864          44           2          12
           3
       26829      186017       13863
  0.399556094024357       0.399114243165211       0.201329662810431     
          12          12          12
  2.944999999996867E-003 -1.671999999997453E-003
 -------------------------------- bndo_info
         201       38133       13845          45           2          11
           3
       36484      128484       13846
  0.392502646373301       0.409961869688188       0.197535483938510     
          11          12          11
  2.102000000000714E-003 -2.628000000001407E-003
 -------------------------------- bndo_info
         202       38131       13844          45           2          11
           3
       13843      183290       36484
  0.190176378380305       0.394267141943141       0.415556479676555     
          11          11          11
  2.102000000000714E-003 -2.628000000001407E-003
 -------------------------------- bndo_info
         203       29098       13755          46           2           7
           3
       69797       13756      151994
  0.396818393410793       0.205279823378642       0.397901783210565     
           7           6           7
  1.725000000007526E-003  2.455999999996905E-003
 -------------------------------- bndo_info
         204       30043       13754          46           2           7
           3
      215740      151994       13753
  0.373054385123420       0.447796925727460       0.179148689149120     
           7           7           7
  1.725000000007526E-003  2.455999999996905E-003
 -------------------------------- bndo_info
         205       36351       13736          47           2          11
           3
      121977       27070       13737
  0.407374571666506       0.398934945766565       0.193690482566929     
          11          11          11
  6.029999999981328E-004 -2.998999999999086E-003
 -------------------------------- bndo_info
         206       35487       13735          47           2          10
           3
       13734      130563      121977
  0.211142170452520       0.414057290425788       0.374800539121691     
          10          10          11
  6.029999999981328E-004 -2.998999999999086E-003
 -------------------------------- bndo_info
         207       25391       13656          48           2           4
           4
      217873       13657       40538       40537
  0.230075051444549       0.118495245404143       0.289482948525205     
  0.361946754626104     
           4           3           4           4
  2.456999999999709E-003 -1.760999999998347E-003
 -------------------------------- bndo_info
         208       25392       13655          48           2           4
           3
       40537       13654      178434
  0.399647098982278       0.200568080000553       0.399784821017169     
           4           4           4
  2.456999999999709E-003 -1.760999999998347E-003
 -------------------------------- bndo_info
         209       22691       13562          49           2          10
           2
      198189       13563
  0.663569367350872       0.336430632649127     
          10          10
 -5.399999999156080E-005  2.470000000002415E-003
 -------------------------------- bndo_info
         210       23568       13561          49           2          10
           2
      198189       13560
  0.666718281911507       0.333281718088493     
          10          10
 -5.399999999156080E-005  2.470000000002415E-003
 -------------------------------- bndo_info
         211       36538       13519          50           2           9
           3
       77888      171124       13520
  0.392946029756626       0.401432227243394       0.205621742999980     
           9          10           9
  3.044000000002711E-003 -2.800000000000580E-004
 -------------------------------- bndo_info
         212       35674       13518          50           2           9
           3
       13517      182005       77888
  0.194555181345298       0.394052537130501       0.411392281524201     
           9           9           9
  3.044000000002711E-003 -2.800000000000580E-004
 -------------------------------- bndo_info
         213       35509      216055          51           2           9
           2
       13467       13469
  0.657540513241019       0.342459486758981     
           9           9
  1.643999999998869E-003  1.347000000002652E-003
 -------------------------------- bndo_info
         214       35510       13468          51           2           9
           1
       13467
   1.00000000000000     
           9
  1.643999999998869E-003  1.347000000002652E-003
 -------------------------------- bndo_info
         215       36381       13453          52           2           8
           3
      199392      197786       13454
  0.372158463407782       0.405846734728911       0.221994801863307     
           8           8           8
  2.915000000001555E-003  5.980000000000985E-004
 -------------------------------- bndo_info
         216       37244       13452          52           2           8
           3
      199392       13451       58632
  0.342646508469590       0.239762548170267       0.417590943360143     
           8           8           8
  2.915000000001555E-003  5.980000000000985E-004
 -------------------------------- bndo_info
         217       38146       13438          53           2           8
           4
       13436      181784       13439      216691
  0.293876279247088       0.292253348116121       0.190758703004269     
  0.223111669632522     
           8           8           8           8
  2.597000000001515E-003 -1.501000000001085E-003
 -------------------------------- bndo_info
         218       37243       13437          53           2           8
           1
       13436
   1.00000000000000     
           8
  2.597000000001515E-003 -1.501000000001085E-003
 -------------------------------- bndo_info
         219       44299       13368          54           2           6
           3
      172308       13369       26973
  0.393651091313476       0.178631421761464       0.427717486925060     
           6           6           6
  1.864999999995121E-003  2.347999999997796E-003
 -------------------------------- bndo_info
         220       44300       13367          54           2           6
           3
       26973       13366      210389
  0.433633471179907       0.191916073042349       0.374450455777744     
           6           6           6
  1.864999999995121E-003  2.347999999997796E-003
 -------------------------------- bndo_info
         221       44321       13355          55           2           7
           3
       71471      171040       13356
  0.415096393621379       0.397070669732512       0.187832936646109     
           7           7           7
  1.881000000004462E-003  2.402999999999267E-003
 -------------------------------- bndo_info
         222       44318       13354          55           2           7
           3
       13353      180064       71471
  0.206902024970943       0.413344273001280       0.379753702027777     
           7           7           7
  1.881000000004462E-003  2.402999999999267E-003
 -------------------------------- bndo_info
         223       93101       12645          56           2          12
           3
      204162       12646      165254
  0.374762462542399       0.190927842988476       0.434309694469125     
          12          12          12
  8.539999999968018E-004  2.876000000000545E-003
 -------------------------------- bndo_info
         224       93700       12644          56           2          12
           3
      165254       65378       12643
  0.415743246164587       0.393261359141666       0.190995394693747     
          12          12          12
  8.539999999968018E-004  2.876000000000545E-003
 -------------------------------- bndo_info
         225      120184       12016          57           2          19
           3
       29061       12017      174353
  0.405621943171496       0.209117822538709       0.385260234289795     
          20          19          20
  1.330000000052678E-004  2.995999999999555E-003
 -------------------------------- bndo_info
         226      120185       12015          57           2          19
           3
      174353      169604       12014
  0.387990429521658       0.403620487572597       0.208389082905745     
          20          20          19
  1.330000000052678E-004  2.995999999999555E-003
 -------------------------------- bndo_info
         227      148271       11505          58           2           9
           3
       55991       11506      173141
  0.396142683985403       0.190200537875748       0.413656778138848     
           9           9          10
  2.848999999990554E-003  9.470000000018075E-004
 -------------------------------- bndo_info
         228      148275       11504          58           2          10
           3
      173141       30613       11503
  0.407145389180854       0.402549232849370       0.190305377969776     
          10          10          10
  2.848999999990554E-003  9.470000000018075E-004
 -------------------------------- bndo_info
         229      156923       11389          59           2          15
           3
      203240       56022       11390
  0.342703570566497       0.419579428472626       0.237717000960877     
          16          15          15
  6.710000000040850E-004  2.924000000003701E-003
 -------------------------------- bndo_info
         230      156935       11388          59           2          16
           3
      203240       11387       30832
  0.361976084100224       0.228251766830123       0.409772149069653     
          16          16          16
  6.710000000040850E-004  2.924000000003701E-003
 -------------------------------- bndo_info
         231      126877        9480          60           2          61
           3
      170904      145404       52008
  0.388110257346077       0.178528169572229       0.433361573081694     
          62          62          61
  2.388000000003387E-003 -2.279999999998950E-003
 -------------------------------- bndo_info
         232      126876        9479          60           2          60
           3
        9478      149348       52008
  0.185420828643381       0.383907705887692       0.430671465468927     
          60          60          61
  2.388000000003387E-003 -2.279999999998950E-003
 -------------------------------- bndo_info
         233      126235      165318          61           2          68
           3
      107559      187799       78470
  0.191767349755792       0.403486891814825       0.404745758429382     
          69          68          68
  2.437999999997942E-003 -1.629000000004766E-003
 -------------------------------- bndo_info
         234      126236        9500          61           2          67
           3
       78470       27978        9499
  0.403298729711113       0.398600232416136       0.198101037872751     
          68          67          67
  2.437999999997942E-003 -1.629000000004766E-003
 -------------------------------- bndo_info
         235      123855        9222          62           2          67
           2
      149172        9223
  0.673275483066683       0.326724516933317     
          67          67
 -5.920000000045889E-004  2.920999999997065E-003
 -------------------------------- bndo_info
         236      124470       86413          62           2          68
           4
      149172      140319      140320      135023
  0.306196274249366       0.266086063737514       0.302609809282043     
  0.125107852731076     
          67          68          68          68
 -5.920000000045889E-004  2.920999999997065E-003
 -------------------------------- bndo_info
         237      126073        9408          63           2          16
           3
      156437       28242        9409
  0.421006235852424       0.392456362044583       0.186537402102993     
          17          16          15
  2.796000000003573E-003 -1.079999999998194E-003
 -------------------------------- bndo_info
         238      126105        9407          63           2          17
           3
      156437      103207        9406
  0.426764450262729       0.392196318577124       0.181039231160147     
          17          17          17
  2.796000000003573E-003 -1.079999999998194E-003
 -------------------------------- bndo_info
         239      126070        9433          64           2          20
           3
      155402        9434       27156
  0.399370158956609       0.184621745073856       0.416008095969535     
          21          20          21
  2.876999999998020E-003 -8.579999999973609E-004
 -------------------------------- bndo_info
         240      126071        9432          64           2          20
           2
       27156       69957
  0.683410300574022       0.316589699425978     
          21          21
  2.876999999998020E-003 -8.579999999973609E-004
 -------------------------------- bndo_info
         241      143270        8885          65           2          73
           3
       50973      134339        8886
  0.394970731364443       0.414166304268659       0.190862964366898     
          73          73          73
  2.933999999996217E-003 -6.219999999963477E-004
 -------------------------------- bndo_info
         242      143269        8884          65           2          73
           3
        8883      168756       50973
  0.197151128132110       0.398366090024606       0.404482781843284     
          73          73          73
  2.933999999996217E-003 -6.219999999963477E-004
 -------------------------------- bndo_info
         243      130304       31278          66           2          31
           4
       32434       31277       36893      126837
  0.315558074710057       9.391277403898571E-002  0.259577121348758     
  0.330952029902198     
          31          31          31          31
 -2.196999999995342E-003  7.570000000001187E-004
 -------------------------------- bndo_info
         244      129310       31583          66           2          30
           4
      150987      127237       32477       32434
  0.129005062501293       0.266634361119927       0.301251623068330     
  0.303108953310450     
          28          29          30          31
 -2.196999999995342E-003  7.570000000001187E-004
 --------------------------------
