0 2 957839 2 1 1 1
20210115 000000
discharge[m3/s]
135.7
135.7
0 2 957839 2 1 1 1
20210215 000000
discharge[m3/s]
129.8
129.8
0 2 957839 2 1 1 1
20210315 000000
discharge[m3/s]
139.1
139.1
0 2 957839 2 1 1 1
20210415 000000
discharge[m3/s]
173.8
173.8
0 2 957839 2 1 1 1
20210515 000000
discharge[m3/s]
298.3
298.3
0 2 957839 2 1 1 1
20210615 000000
discharge[m3/s]
399.8
399.8
0 2 957839 2 1 1 1
20210715 000000
discharge[m3/s]
282.2
282.2
0 2 957839 2 1 1 1
20210815 000000
discharge[m3/s]
219.8
219.8
0 2 957839 2 1 1 1
20210915 000000
discharge[m3/s]
218.2
218.2
0 2 957839 2 1 1 1
20211015 000000
discharge[m3/s]
216.9
216.9
0 2 957839 2 1 1 1
20211115 000000
discharge[m3/s]
242.3
242.3
0 2 957839 2 1 1 1
20211215 000000
discharge[m3/s]
153.8
153.8
0 2 957839 2 1 1 1
20220115 000000
discharge[m3/s]
135.7
135.7
0 2 957839 2 1 1 1
20220215 000000
discharge[m3/s]
129.8
129.8
0 2 957839 2 1 1 1
20220315 000000
discharge[m3/s]
139.1
139.1
0 2 957839 2 1 1 1
20220415 000000
discharge[m3/s]
173.8
173.8
0 2 957839 2 1 1 1
20220515 000000
discharge[m3/s]
298.3
298.3
0 2 957839 2 1 1 1
20220615 000000
discharge[m3/s]
399.8
399.8
0 2 957839 2 1 1 1
20220715 000000
discharge[m3/s]
282.2
282.2
0 2 957839 2 1 1 1
20220815 000000
discharge[m3/s]
219.8
219.8
0 2 957839 2 1 1 1
20220915 000000
discharge[m3/s]
218.2
218.2
0 2 957839 2 1 1 1
20221015 000000
discharge[m3/s]
216.9
216.9
0 2 957839 2 1 1 1
20221115 000000
discharge[m3/s]
242.3
242.3
0 2 957839 2 1 1 1
20221215 000000
discharge[m3/s]
153.8
153.8
0 2 957839 2 1 1 1
20230115 000000
discharge[m3/s]
135.7
135.7
0 2 957839 2 1 1 1
20230215 000000
discharge[m3/s]
129.8
129.8
0 2 957839 2 1 1 1
20230315 000000
discharge[m3/s]
139.1
139.1
0 2 957839 2 1 1 1
20230415 000000
discharge[m3/s]
173.8
173.8
0 2 957839 2 1 1 1
20230515 000000
discharge[m3/s]
298.3
298.3
0 2 957839 2 1 1 1
20230615 000000
discharge[m3/s]
399.8
399.8
0 2 957839 2 1 1 1
20230715 000000
discharge[m3/s]
282.2
282.2
0 2 957839 2 1 1 1
20230815 000000
discharge[m3/s]
219.8
219.8
0 2 957839 2 1 1 1
20230915 000000
discharge[m3/s]
218.2
218.2
0 2 957839 2 1 1 1
20231015 000000
discharge[m3/s]
216.9
216.9
0 2 957839 2 1 1 1
20231115 000000
discharge[m3/s]
242.3
242.3
0 2 957839 2 1 1 1
20231215 000000
discharge[m3/s]
153.8
153.8
0 2 957839 2 1 1 1
20240115 000000
discharge[m3/s]
135.7
135.7
0 2 957839 2 1 1 1
20240215 000000
discharge[m3/s]
129.8
129.8
0 2 957839 2 1 1 1
20240315 000000
discharge[m3/s]
139.1
139.1
0 2 957839 2 1 1 1
20240415 000000
discharge[m3/s]
173.8
173.8
0 2 957839 2 1 1 1
20240515 000000
discharge[m3/s]
298.3
298.3
0 2 957839 2 1 1 1
20240615 000000
discharge[m3/s]
399.8
399.8
0 2 957839 2 1 1 1
20240715 000000
discharge[m3/s]
282.2
282.2
0 2 957839 2 1 1 1
20240815 000000
discharge[m3/s]
219.8
219.8
0 2 957839 2 1 1 1
20240915 000000
discharge[m3/s]
218.2
218.2
0 2 957839 2 1 1 1
20241015 000000
discharge[m3/s]
216.9
216.9
0 2 957839 2 1 1 1
20241115 000000
discharge[m3/s]
242.3
242.3
0 2 957839 2 1 1 1
20241215 000000
discharge[m3/s]
153.8
153.8
0 2 957839 2 1 1 1
20250115 000000
discharge[m3/s]
135.7
135.7
0 2 957839 2 1 1 1
20250215 000000
discharge[m3/s]
129.8
129.8
0 2 957839 2 1 1 1
20250315 000000
discharge[m3/s]
139.1
139.1
0 2 957839 2 1 1 1
20250415 000000
discharge[m3/s]
173.8
173.8
0 2 957839 2 1 1 1
20250515 000000
discharge[m3/s]
298.3
298.3
0 2 957839 2 1 1 1
20250615 000000
discharge[m3/s]
399.8
399.8
0 2 957839 2 1 1 1
20250715 000000
discharge[m3/s]
282.2
282.2
0 2 957839 2 1 1 1
20250815 000000
discharge[m3/s]
219.8
219.8
0 2 957839 2 1 1 1
20250915 000000
discharge[m3/s]
218.2
218.2
0 2 957839 2 1 1 1
20251015 000000
discharge[m3/s]
216.9
216.9
0 2 957839 2 1 1 1
20251115 000000
discharge[m3/s]
242.3
242.3
0 2 957839 2 1 1 1
20251215 000000
discharge[m3/s]
153.8
153.8
0 2 957839 2 1 1 1
20260115 000000
discharge[m3/s]
135.7
135.7
0 2 957839 2 1 1 1
20260215 000000
discharge[m3/s]
129.8
129.8
0 2 957839 2 1 1 1
20260315 000000
discharge[m3/s]
139.1
139.1
0 2 957839 2 1 1 1
20260415 000000
discharge[m3/s]
173.8
173.8
0 2 957839 2 1 1 1
20260515 000000
discharge[m3/s]
298.3
298.3
0 2 957839 2 1 1 1
20260615 000000
discharge[m3/s]
399.8
399.8
0 2 957839 2 1 1 1
20260715 000000
discharge[m3/s]
282.2
282.2
0 2 957839 2 1 1 1
20260815 000000
discharge[m3/s]
219.8
219.8
0 2 957839 2 1 1 1
20260915 000000
discharge[m3/s]
218.2
218.2
0 2 957839 2 1 1 1
20261015 000000
discharge[m3/s]
216.9
216.9
0 2 957839 2 1 1 1
20261115 000000
discharge[m3/s]
242.3
242.3
0 2 957839 2 1 1 1
20270102 000000
discharge[m3/s]
153.8
153.8
