0 2 957839 2 1 1 1
20210115 000000
discharge[m3/s]
35.0
35.0
0 2 957839 2 1 1 1
20210215 000000
discharge[m3/s]
11.1
11.1
0 2 957839 2 1 1 1
20210315 000000
discharge[m3/s]
62.0
62.0
0 2 957839 2 1 1 1
20210415 000000
discharge[m3/s]
98.9
98.9
0 2 957839 2 1 1 1
20210515 000000
discharge[m3/s]
87.7
87.7
0 2 957839 2 1 1 1
20210615 000000
discharge[m3/s]
110.6
110.6
0 2 957839 2 1 1 1
20210715 000000
discharge[m3/s]
88.1
88.1
0 2 957839 2 1 1 1
20210815 000000
discharge[m3/s]
88.6
88.6
0 2 957839 2 1 1 1
20210915 000000
discharge[m3/s]
123.6
123.6
0 2 957839 2 1 1 1
20211015 000000
discharge[m3/s]
145.3
145.3
0 2 957839 2 1 1 1
20211115 000000
discharge[m3/s]
196.1
196.1
0 2 957839 2 1 1 1
20211215 000000
discharge[m3/s]
115.9
115.9
0 2 957839 2 1 1 1
20220115 000000
discharge[m3/s]
35.0
35.0
0 2 957839 2 1 1 1
20220215 000000
discharge[m3/s]
11.1
11.1
0 2 957839 2 1 1 1
20220315 000000
discharge[m3/s]
62.0
62.0
0 2 957839 2 1 1 1
20220415 000000
discharge[m3/s]
98.9
98.9
0 2 957839 2 1 1 1
20220515 000000
discharge[m3/s]
87.7
87.7
0 2 957839 2 1 1 1
20220615 000000
discharge[m3/s]
110.6
110.6
0 2 957839 2 1 1 1
20220715 000000
discharge[m3/s]
88.1
88.1
0 2 957839 2 1 1 1
20220815 000000
discharge[m3/s]
88.6
88.6
0 2 957839 2 1 1 1
20220915 000000
discharge[m3/s]
123.6
123.6
0 2 957839 2 1 1 1
20221015 000000
discharge[m3/s]
145.3
145.3
0 2 957839 2 1 1 1
20221115 000000
discharge[m3/s]
196.1
196.1
0 2 957839 2 1 1 1
20221215 000000
discharge[m3/s]
115.9
115.9
0 2 957839 2 1 1 1
20230115 000000
discharge[m3/s]
35.0
35.0
0 2 957839 2 1 1 1
20230215 000000
discharge[m3/s]
11.1
11.1
0 2 957839 2 1 1 1
20230315 000000
discharge[m3/s]
62.0
62.0
0 2 957839 2 1 1 1
20230415 000000
discharge[m3/s]
98.9
98.9
0 2 957839 2 1 1 1
20230515 000000
discharge[m3/s]
87.7
87.7
0 2 957839 2 1 1 1
20230615 000000
discharge[m3/s]
110.6
110.6
0 2 957839 2 1 1 1
20230715 000000
discharge[m3/s]
88.1
88.1
0 2 957839 2 1 1 1
20230815 000000
discharge[m3/s]
88.6
88.6
0 2 957839 2 1 1 1
20230915 000000
discharge[m3/s]
123.6
123.6
0 2 957839 2 1 1 1
20231015 000000
discharge[m3/s]
145.3
145.3
0 2 957839 2 1 1 1
20231115 000000
discharge[m3/s]
196.1
196.1
0 2 957839 2 1 1 1
20231215 000000
discharge[m3/s]
115.9
115.9
0 2 957839 2 1 1 1
20240115 000000
discharge[m3/s]
35.0
35.0
0 2 957839 2 1 1 1
20240215 000000
discharge[m3/s]
11.1
11.1
0 2 957839 2 1 1 1
20240315 000000
discharge[m3/s]
62.0
62.0
0 2 957839 2 1 1 1
20240415 000000
discharge[m3/s]
98.9
98.9
0 2 957839 2 1 1 1
20240515 000000
discharge[m3/s]
87.7
87.7
0 2 957839 2 1 1 1
20240615 000000
discharge[m3/s]
110.6
110.6
0 2 957839 2 1 1 1
20240715 000000
discharge[m3/s]
88.1
88.1
0 2 957839 2 1 1 1
20240815 000000
discharge[m3/s]
88.6
88.6
0 2 957839 2 1 1 1
20240915 000000
discharge[m3/s]
123.6
123.6
0 2 957839 2 1 1 1
20241015 000000
discharge[m3/s]
145.3
145.3
0 2 957839 2 1 1 1
20241115 000000
discharge[m3/s]
196.1
196.1
0 2 957839 2 1 1 1
20241215 000000
discharge[m3/s]
115.9
115.9
0 2 957839 2 1 1 1
20250115 000000
discharge[m3/s]
35.0
35.0
0 2 957839 2 1 1 1
20250215 000000
discharge[m3/s]
11.1
11.1
0 2 957839 2 1 1 1
20250315 000000
discharge[m3/s]
62.0
62.0
0 2 957839 2 1 1 1
20250415 000000
discharge[m3/s]
98.9
98.9
0 2 957839 2 1 1 1
20250515 000000
discharge[m3/s]
87.7
87.7
0 2 957839 2 1 1 1
20250615 000000
discharge[m3/s]
110.6
110.6
0 2 957839 2 1 1 1
20250715 000000
discharge[m3/s]
88.1
88.1
0 2 957839 2 1 1 1
20250815 000000
discharge[m3/s]
88.6
88.6
0 2 957839 2 1 1 1
20250915 000000
discharge[m3/s]
123.6
123.6
0 2 957839 2 1 1 1
20251015 000000
discharge[m3/s]
145.3
145.3
0 2 957839 2 1 1 1
20251115 000000
discharge[m3/s]
196.1
196.1
0 2 957839 2 1 1 1
20251215 000000
discharge[m3/s]
115.9
115.9
0 2 957839 2 1 1 1
20260115 000000
discharge[m3/s]
35.0
35.0
0 2 957839 2 1 1 1
20260215 000000
discharge[m3/s]
11.1
11.1
0 2 957839 2 1 1 1
20260315 000000
discharge[m3/s]
62.0
62.0
0 2 957839 2 1 1 1
20260415 000000
discharge[m3/s]
98.9
98.9
0 2 957839 2 1 1 1
20260515 000000
discharge[m3/s]
87.7
87.7
0 2 957839 2 1 1 1
20260615 000000
discharge[m3/s]
110.6
110.6
0 2 957839 2 1 1 1
20260715 000000
discharge[m3/s]
88.1
88.1
0 2 957839 2 1 1 1
20260815 000000
discharge[m3/s]
88.6
88.6
0 2 957839 2 1 1 1
20260915 000000
discharge[m3/s]
123.6
123.6
0 2 957839 2 1 1 1
20261015 000000
discharge[m3/s]
145.3
145.3
0 2 957839 2 1 1 1
20261115 000000
discharge[m3/s]
196.1
196.1
0 2 957839 2 1 1 1
20270102 000000
discharge[m3/s]
115.9
115.9
